tree
version=v4
num_class=1
num_tree_per_iteration=1
label_index=0
max_feature_idx=11
objective=binary sigmoid:1
feature_names=title_jd_match capability_match career_ml_depth current_role_ml_depth coherence_score skill_trust_ratio platform_trust availability_score penalties_total assessment_jd_overlap career_momentum ml_tenure_years
feature_infos=[0:1] [0:0.80080002546310425] [0:1] [0:0.40000000596046448] [0.11999999731779099:0.89999997615814209] [0:1] [0.031500000506639481:0.90359997749328613] [0.17849999666213989:0.93680000305175781] [0:0.4942857027053833] [0:0.60000002384185791] [0.0024999999441206455:0.99750000238418579] [0:9.8999996185302734]
tree_sizes=668 672 575 578 889 1414 682 583 583 681 788 679 789 683 786 1412 782 782 682 678 787 680 786 687 788 680 791 683 788 788 682 784 1200 1310 1418 681 1309 683 1423 1409 1412 1312 796 662 683 681 786 766 1732 1520 793 1198 676 666 687 794 688 685 685 789 685 786 1631 785 678 684 1737 792 688 1731 794 790 783

Tree=0
num_leaves=5
num_cat=0
split_feature=8 2 6 11
split_gain=15269 409.053 11.7394 0.205967
threshold=0.13000000268220904 1.0000000180025095e-35 0.53794997930526745 5.1499998569488534
decision_type=2 2 2 2
left_child=1 -1 3 -2
right_child=2 -3 -4 -5
leaf_value=-1.3732725901851683 -1.4279353400743287 -1.2404813828050048 -1.4064433367568923 -1.4221997804263613
leaf_weight=21.865090385079384 1985.0948482453823 502.41828125715256 23.939879983663559 16.757915988564491
leaf_count=137 12438 3148 150 105
internal_value=-1.39029 -1.24601 -1.42764 -1.42789
internal_weight=2550.08 524.283 2025.79 2001.85
internal_count=15978 3285 12693 12543
is_linear=0
shrinkage=1


Tree=1
num_leaves=5
num_cat=0
split_feature=8 2 6 6
split_gain=13579.1 267.054 8.49446 1.09212
threshold=0.13000000268220904 1.0000000180025095e-35 0.53125000000000011 0.24235000461339953
decision_type=2 2 2 2
left_child=1 -1 -2 -3
right_child=2 3 -4 -5
leaf_value=0.019509960644484268 -0.037160338619265439 0.1192142479167332 -0.0192311975157918 0.13363117102831937
leaf_weight=19.350072741508484 1955.7866915464401 17.575847655534744 25.117305561900139 531.97392359375954
leaf_count=120 12536 101 159 3057
internal_value=0.000165486 0.12934 -0.0369355 0.133197
internal_weight=2549.8 568.9 1980.9 549.55
internal_count=15973 3278 12695 3158
is_linear=0
shrinkage=0.03


Tree=2
num_leaves=4
num_cat=0
split_feature=8 2 6
split_gain=12263.4 244.732 14.7198
threshold=0.13000000268220904 1.0000000180025095e-35 0.53125000000000011
decision_type=2 2 2
left_child=1 -1 -2
right_child=2 -3 -4
leaf_value=0.016784011476580915 -0.036897339758443212 0.12036058361259976 -0.01387685878635604
leaf_weight=21.369495168328285 1924.7338892072439 596.2606048732996 25.912457928061485
leaf_count=131 12624 3194 166
internal_value=0.00029335 0.116785 -0.0365938
internal_weight=2568.28 617.63 1950.65
internal_count=16115 3325 12790
is_linear=0
shrinkage=0.03


Tree=3
num_leaves=4
num_cat=0
split_feature=8 2 2
split_gain=10985.8 184.441 11.887
threshold=0.13000000268220904 1.0000000180025095e-35 0.099999997764825835
decision_type=2 2 2
left_child=1 -1 -2
right_child=2 -3 -4
leaf_value=0.019241349024884936 -0.036648190141838462 0.11008162525956032 -0.01698503295073292
leaf_weight=20.922017365694046 1883.7766843885183 620.28358423709869 28.915940776467323
leaf_count=127 12643 3136 191
internal_value=-0.000326227 0.107126 -0.0363534
internal_weight=2553.9 641.206 1912.69
internal_count=16097 3263 12834
is_linear=0
shrinkage=0.03


Tree=4
num_leaves=7
num_cat=0
split_feature=8 6 6 7 11 11
split_gain=10059.5 183.797 14.0762 10.7046 1.01403 0.262434
threshold=0.13000000268220904 0.20674999803304675 0.53125000000000011 0.35509999096393591 1.2500000000000002 4.9500000476837167
decision_type=2 2 2 2 2 2
left_child=1 -1 5 -3 -5 -2
right_child=2 3 -4 4 -6 -7
leaf_value=0.0078597563190550054 -0.036436740116987491 0.078595354813408166 -0.013014923107885124 0.11348523958597619 0.1020679516515456 -0.030160203411938615
leaf_weight=19.413392633199692 1818.768667653203 20.349468767642975 24.036017850041389 20.322677403688431 616.08613732457161 14.921306833624838
leaf_count=107 12500 102 158 107 2969 101
internal_value=-2.51326e-05 0.0990432 -0.0360889 0.101732 0.102455 -0.0363889
internal_weight=2533.9 676.172 1857.73 656.758 636.409 1833.69
internal_count=16044 3285 12759 3178 3076 12601
is_linear=0
shrinkage=0.03


Tree=5
num_leaves=12
num_cat=0
split_feature=2 6 4 2 6 6 6 6 7 2 6
split_gain=8313.8 239.536 194.646 258.066 79.3138 15.9836 12.1443 1.68791 2.67059 0.91742 2.58145
threshold=0.059999998658895499 0.53794997930526745 0.20565000176429751 0.1799999997019768 0.45814999938011175 0.26414999365806585 0.47304999828338629 0.40154999494552618 0.55005002021789562 0.099999997764825835 0.34074999392032629
decision_type=2 2 2 2 2 2 2 2 2 2 2
left_child=1 6 3 4 -2 -4 7 -1 -9 10 -7
right_child=2 -3 5 -5 -6 9 -8 8 -10 -11 -12
leaf_value=-0.036163471971014445 0.023352873121720897 0.049533034768702772 0.072639906541676721 -0.036286489268307076 0.092305306945419108 0.078658140964889572 -0.011211903798609885 -0.035954691310817029 -0.020173931959780299 0.095482666698890981 0.092861862629371586
leaf_weight=1712.7859274148941 20.378638491034508 30.033747911453247 35.710587531328201 24.559188783168793 59.2532629519701 21.133590340614319 18.435766249895096 25.85921522974968 18.138222083449364 420.02322714030743 133.48608207702637
leaf_count=12032 121 169 182 167 277 104 122 182 123 1952 624
internal_value=-3.90206e-05 -0.0343237 0.0865676 0.0485378 0.0747487 0.0930456 -0.0357468 -0.0360019 -0.0295775 0.0942956 0.090992
internal_weight=2519.8 1805.25 714.545 104.191 79.6319 610.353 1775.22 1756.78 43.9974 574.643 154.62
internal_count=16055 12628 3427 565 398 2862 12459 12337 305 2680 728
is_linear=0
shrinkage=0.03


Tree=6
num_leaves=5
num_cat=0
split_feature=8 6 7 6
split_gain=8607.35 191.041 9.80912 0.635365
threshold=0.138333335518837 0.21245000511407855 0.3530499935150147 0.53794997930526745
decision_type=2 2 2 2
left_child=1 -1 -3 -2
right_child=3 2 -4 -5
leaf_value=0.00027945816272025975 -0.035997516636828673 0.067953988101183638 0.089755288385127821 -0.029234422017437357
leaf_weight=22.556809902191162 1744.9383814334869 21.952821150422096 688.52122791111469 20.167836606502533
leaf_count=130 12563 105 3104 132
internal_value=-3.65302e-05 0.086367 0.0890955 -0.0359236
internal_weight=2498.14 733.031 710.474 1765.11
internal_count=16034 3339 3209 12695
is_linear=0
shrinkage=0.03


Tree=7
num_leaves=4
num_cat=0
split_feature=8 11 2
split_gain=8018.03 113.928 12.2254
threshold=0.13000000268220904 1.0000000180025095e-35 0.099999997764825835
decision_type=2 2 2
left_child=1 -1 -2
right_child=2 -3 -4
leaf_value=0.012826124363135972 -0.03577497838874976 0.084210001025933123 -0.015239348098066815
leaf_weight=20.840483278036118 1709.9893427789211 723.51322004199028 27.223140180110931
leaf_count=120 12604 3161 190
internal_value=-0.000156242 0.0822174 -0.0354558
internal_weight=2481.57 744.354 1737.21
internal_count=16075 3281 12794
is_linear=0
shrinkage=0.03


Tree=8
num_leaves=4
num_cat=0
split_feature=8 2 2
split_gain=7444.44 97.8027 7.16396
threshold=0.13000000268220904 1.0000000180025095e-35 0.099999997764825835
decision_type=2 2 2
left_child=1 -1 -2
right_child=2 -3 -4
leaf_value=0.017254444582394772 -0.035570561583709366 0.079828131194084176 -0.018823246763906971
leaf_weight=23.384548529982567 1668.5243920236826 732.40044981241226 24.444862842559814
leaf_count=133 12602 3128 173
internal_value=-0.000381226 0.0778986 -0.0353316
internal_weight=2448.75 755.785 1692.97
internal_count=16036 3261 12775
is_linear=0
shrinkage=0.03


Tree=9
num_leaves=5
num_cat=0
split_feature=8 6 6 6
split_gain=6958.22 135.681 7.59674 1.97223
threshold=0.138333335518837 0.21004999428987506 0.25225000083446508 0.56814998388290416
decision_type=2 2 2 2
left_child=1 -1 -3 -2
right_child=3 2 -4 -5
leaf_value=0.0032435027395071266 -0.035392293605187808 0.057597907808380679 0.076651019944310839 -0.023056691858476829
leaf_weight=23.834929123520851 1630.4499153792858 22.253388538956642 726.52728554606438 13.893793895840643
leaf_count=133 12621 100 3058 96
internal_value=-0.000398703 0.0738536 0.0760965 -0.0352913
internal_weight=2416.96 772.616 748.781 1644.34
internal_count=16008 3291 3158 12717
is_linear=0
shrinkage=0.03


Tree=10
num_leaves=6
num_cat=0
split_feature=8 6 6 1 2
split_gain=6606.17 130.411 5.24572 1.16234 0.248215
threshold=0.138333335518837 0.21004999428987506 0.25225000083446508 0.46880000829696661 0.059999998658895499
decision_type=2 2 2 2 2
left_child=1 -1 -3 -2 -4
right_child=3 2 4 -5 -6
leaf_value=0.0010515346023664521 -0.035193297400350487 0.057664191859595607 0.079445095286119219 -0.026131016834766128 0.072836528369074449
leaf_weight=23.700239822268486 1582.3525155335665 24.536911904811859 28.368907138705254 16.882691115140915 722.91934958100319
leaf_count=133 12545 108 127 132 2986
internal_value=9.88518e-05 0.0705063 0.0726238 -0.0351011 0.0731006
internal_weight=2398.76 799.525 775.825 1599.24 751.288
internal_count=16031 3354 3221 12677 3113
is_linear=0
shrinkage=0.03


Tree=11
num_leaves=5
num_cat=0
split_feature=8 6 7 6
split_gain=6131.67 107.331 5.71424 2.60911
threshold=0.138333335518837 0.21554999798536303 0.36005000770092016 0.53794997930526745
decision_type=2 2 2 2
left_child=1 -1 -3 -2
right_child=3 2 -4 -5
leaf_value=0.0043775878560879033 -0.03502134747585349 0.054154620316353576 0.070029599734345499 -0.023089091981788309
leaf_weight=23.567331075668335 1545.808935135603 24.679747357964516 742.89858631789684 18.948669582605362
leaf_count=129 12580 106 3043 136
internal_value=-0.000465277 0.067594 0.0695302 -0.0348803
internal_weight=2355.9 791.146 767.578 1564.76
internal_count=15994 3278 3149 12716
is_linear=0
shrinkage=0.03


Tree=12
num_leaves=6
num_cat=0
split_feature=8 6 6 7 11
split_gain=5818.95 74.9659 8.02923 3.38723 0.623218
threshold=0.13000000268220904 0.21474999934434894 0.56310001015663158 0.36005000770092016 5.1499998569488534
decision_type=2 2 2 2 2
left_child=1 -1 4 -3 -2
right_child=2 3 -4 -5 -6
leaf_value=0.010230656496064429 -0.034851577130172284 0.054564951287323415 -0.012550601552524656 0.067350772528802935 -0.027202037530576612
leaf_weight=21.717804253101349 1494.714754678309 24.528310120105743 15.344152852892874 751.7299840003252 15.274505242705343
leaf_count=113 12470 103 109 3047 119
internal_value=-0.000216199 0.0654191 -0.0345572 0.0669577 -0.034778
internal_weight=2323.31 797.976 1525.33 776.258 1509.99
internal_count=15961 3263 12698 3150 12589
is_linear=0
shrinkage=0.03


Tree=13
num_leaves=5
num_cat=0
split_feature=8 6 6 1
split_gain=5580.21 87.284 5.94422 0.775226
threshold=0.138333335518837 0.21554999798536303 0.25415000319480902 0.46880000829696661
decision_type=2 2 2 2
left_child=1 -1 -3 -2
right_child=3 2 -4 -5
leaf_value=0.0060962666814466963 -0.034674244282093224 0.048797902773175666 0.065030161224102975 -0.026307591186003069
leaf_weight=23.814562246203423 1477.9706102013588 23.984171345829964 771.07481326162815 14.688248604536055
leaf_count=130 12630 102 3111 123
internal_value=-7.06668e-05 0.0628551 0.0645505 -0.0345957
internal_weight=2311.53 818.874 795.059 1492.66
internal_count=16096 3343 3213 12753
is_linear=0
shrinkage=0.03


Tree=14
num_leaves=6
num_cat=0
split_feature=8 6 6 6 2
split_gain=5286.83 71.8232 5.30536 1.23763 1.16309
threshold=0.138333335518837 0.21714999526739123 0.27355000376701361 0.53794997930526745 0.059999998658895499
decision_type=2 2 2 2 2
left_child=1 -1 -3 -2 -4
right_child=3 2 4 -5 -6
leaf_value=0.0096238992684990372 -0.034522911142274119 0.05087701813918892 0.070862246890417535 -0.025764052282695099 0.062579249315992874
leaf_weight=24.182657077908516 1440.7828522995114 40.294802889227867 27.422657176852226 18.90112441778183 728.89492306113243
leaf_count=129 12648 168 115 143 2923
internal_value=-0.000159996 0.0607485 0.0622953 -0.0344133 0.0628929
internal_weight=2280.48 820.795 796.612 1459.68 756.318
internal_count=16126 3335 3206 12791 3038
is_linear=0
shrinkage=0.03


Tree=15
num_leaves=12
num_cat=0
split_feature=2 4 4 2 6 6 2 6 4 6 6
split_gain=4558.2 193.952 65.1722 131.265 53.6909 22.0965 3.04933 11.7174 2.60838 0.791346 0.245652
threshold=0.059999998658895499 0.46834999322891241 0.20565000176429751 0.1799999997019768 0.52105000615119945 0.47794999182224279 0.099999997764825835 0.31315000355243688 0.13500000163912776 0.26004999876022344 0.41744999587535864
decision_type=2 2 2 2 2 2 2 2 2 2 2
left_child=1 4 3 5 8 -2 7 -4 -1 -8 -10
right_child=2 -3 6 -5 -6 -7 9 -9 10 -11 -12
leaf_value=-0.02338300809334876 0.024818478177560822 0.07098171965190557 0.036856822238187627 -0.034587802375773372 0.013045314587116373 0.059369202791283576 0.068765039736674805 0.05924253127477646 -0.034435051452333214 0.06086887170115917 -0.030219120910167374
leaf_weight=22.487014882266521 23.05890516191721 16.084448158740997 25.699336588382721 19.897241078317165 21.877316780388355 65.633639052510262 24.401079207658768 167.05994966626167 1339.1029692813754 490.25299441814423 31.284782864153385
leaf_count=189 133 67 132 165 134 265 101 678 12013 1969 274
internal_value=1.06715e-05 -0.0322562 0.0565904 0.03483 -0.033437 0.0504583 0.059921 0.0562942 -0.0341701 0.0612624 -0.0343432
internal_weight=2246.84 1430.84 816.003 108.59 1414.75 88.6925 707.413 192.759 1392.87 514.654 1370.39
internal_count=16120 12677 3443 563 12610 398 2880 810 12476 2070 12287
is_linear=0
shrinkage=0.03


Tree=16
num_leaves=6
num_cat=0
split_feature=8 6 6 6 11
split_gain=4773.24 83.1815 4.9386 2.23927 0.689273
threshold=0.138333335518837 0.21474999934434894 0.25415000319480902 0.57445001602172863 1.2500000000000002
decision_type=2 2 2 2 2
left_child=1 -1 -3 -2 -4
right_child=3 2 4 -5 -6
leaf_value=0.0027257275735842286 -0.034231961943321947 0.044199388794035829 0.066060219150894731 -0.020431259930504254 0.058793905525234662
leaf_weight=24.834929823875427 1380.5685685649514 23.933741092681885 25.826517730951309 12.276989892125128 750.5049294680357
leaf_count=136 12739 100 107 94 3008
internal_value=-0.000240267 0.0569352 0.0586132 -0.0341139 0.059048
internal_weight=2217.95 825.1 800.265 1392.85 776.331
internal_count=16184 3351 3215 12833 3115
is_linear=0
shrinkage=0.03


Tree=17
num_leaves=6
num_cat=0
split_feature=8 2 6 6 6
split_gain=4531.4 65.2099 141.189 2.29604 1.87648
threshold=0.138333335518837 0.059999998658895499 0.31714999675750738 0.24235000461339953 0.53794997930526745
decision_type=2 2 2 2 2
left_child=1 2 -1 -3 -2
right_child=4 3 -4 -5 -6
leaf_value=-0.037934521724055974 -0.03408428011028844 0.068031652433748965 0.065461842732389752 0.057257562128253767 -0.023582998923585199
leaf_weight=20.536940574645996 1327.2152038738132 24.308685004711151 27.88661102950573 748.10091422498226 18.359178423881531
leaf_count=119 12577 100 114 3003 144
internal_value=-5.67641e-05 0.0554892 0.0215607 0.0576093 -0.033945
internal_weight=2166.41 820.833 48.4236 772.41 1345.57
internal_count=16057 3336 233 3103 12721
is_linear=0
shrinkage=0.03


Tree=18
num_leaves=5
num_cat=0
split_feature=8 6 6 7
split_gain=4283.15 70.2505 3.7416 2.79517
threshold=0.138333335518837 0.22854999452829364 0.53794997930526745 0.36284999549388891
decision_type=2 2 2 2
left_child=1 -1 -2 -3
right_child=2 3 -4 -5
leaf_value=0.0091504168480308432 -0.033947843818412482 0.044383562226380832 -0.019275757969074298 0.055895949893042751
leaf_weight=30.722479552030563 1295.2179025486112 24.494073927402496 17.242171064019203 759.66396211087704
leaf_count=162 12596 101 137 3064
internal_value=-0.000216313 0.0538017 -0.0337589 0.0555459
internal_weight=2127.34 814.881 1312.46 784.158
internal_count=16060 3327 12733 3165
is_linear=0
shrinkage=0.03


Tree=19
num_leaves=5
num_cat=0
split_feature=8 2 7 0
split_gain=4104.82 62.7885 111.576 1.09811
threshold=0.138333335518837 0.059999998658895499 0.49954999983310705 0.054999999701976783
decision_type=2 2 2 2
left_child=1 2 -1 -2
right_child=3 -3 -4 -5
leaf_value=-0.031722149151928725 -0.033777893249189603 0.054715256470322549 0.058713797140333375 -0.022432256669127092
leaf_weight=21.419274494051933 1267.8639592975378 761.64243851602077 28.438410103321075 10.11131678521633
leaf_count=123 12639 3085 118 86
internal_value=-0.00018488 0.0525775 0.019816 -0.0336922
internal_weight=2089.48 811.5 49.8577 1277.98
internal_count=16051 3326 241 12725
is_linear=0
shrinkage=0.03


Tree=20
num_leaves=6
num_cat=0
split_feature=8 2 6 6 6
split_gain=3929.76 64.0039 125.297 1.85321 1.29792
threshold=0.138333335518837 0.059999998658895499 0.31714999675750738 0.55795001983642589 0.24405000358819964
decision_type=2 2 2 2 2
left_child=1 2 -1 -2 -3
right_child=3 4 -4 -5 -6
leaf_value=-0.037535641142214859 -0.033690709039992439 0.061716270074942313 0.059291781918866256 -0.021773582702462581 0.053090446214036635
leaf_weight=20.910321094095707 1235.4105501770973 24.528411954641342 27.989617004990578 14.014449484646319 737.43958379328251
leaf_count=124 12657 100 114 115 3006
internal_value=-0.000182694 0.0512426 0.0178336 -0.0335612 0.0533801
internal_weight=2060.29 810.868 48.8999 1249.42 761.968
internal_count=16116 3344 238 12772 3106
is_linear=0
shrinkage=0.03


Tree=21
num_leaves=5
num_cat=0
split_feature=8 6 6 1
split_gain=3739.53 63.5207 3.63074 2.30764
threshold=0.138333335518837 0.21804999560117724 0.25595000386238104 0.46880000829696661
decision_type=2 2 2 2
left_child=1 -1 -3 -2
right_child=3 2 -4 -5
leaf_value=0.003614011795668864 -0.033555852122743472 0.03894359504800543 0.051945252488671941 -0.020293808417330302
leaf_weight=25.849714145064354 1212.1706932038069 23.343883737921715 749.27365347743034 13.636653222143648
leaf_count=143 12726 99 3078 137
internal_value=-0.000503054 0.0500135 0.0515614 -0.0334124
internal_weight=2024.27 798.467 772.618 1225.81
internal_count=16183 3320 3177 12863
is_linear=0
shrinkage=0.03


Tree=22
num_leaves=6
num_cat=0
split_feature=8 2 6 6 6
split_gain=3585.83 64.4556 115.118 3.06995 1.25739
threshold=0.138333335518837 0.059999998658895499 0.31714999675750738 0.53794997930526745 0.24235000461339953
decision_type=2 2 2 2 2
left_child=1 2 -1 -2 -3
right_child=3 4 -4 -5 -6
leaf_value=-0.037100834522155908 -0.033449508193757589 0.059200405874121925 0.055831584570084018 -0.019667840760852793 0.050792664548497304
leaf_weight=21.152862131595612 1164.8782434463501 24.753341004252434 27.402152985334396 16.307958699762821 728.94943575561047
leaf_count=129 12584 101 112 140 3021
internal_value=-1.96503e-05 0.0489204 0.0152911 -0.0332635 0.0510806
internal_weight=1983.44 802.258 48.555 1181.19 753.703
internal_count=16087 3363 241 12724 3122
is_linear=0
shrinkage=0.03


Tree=23
num_leaves=5
num_cat=0
split_feature=8 2 2 1
split_gain=3422.68 52.7728 7.89865 2.57226
threshold=0.138333335518837 1.0000000180025095e-35 0.059999998658895499 0.46880000829696661
decision_type=2 2 2 2
left_child=1 -1 -3 -2
right_child=3 2 -4 -5
leaf_value=0.0058810537020657109 -0.033348004983292309 0.031741852544656987 0.050013624083290915 -0.018793261921042092
leaf_weight=26.056331411004066 1136.9607333168387 23.549238704144955 736.99342837929726 12.424846068024634
leaf_count=135 12588 110 3082 130
internal_value=-0.000195693 0.0480174 0.0494561 -0.0331949
internal_weight=1935.98 786.599 760.543 1149.39
internal_count=16045 3327 3192 12718
is_linear=0
shrinkage=0.03


Tree=24
num_leaves=6
num_cat=0
split_feature=8 6 7 6 11
split_gain=3290.06 50.4084 5.26462 0.941257 0.154424
threshold=0.138333335518837 0.21474999934434894 0.36005000770092016 0.57445001602172863 1.2500000000000002
decision_type=2 2 2 2 2
left_child=1 -1 -3 -2 -4
right_child=3 2 4 -5 -6
leaf_value=0.0022658701340428828 -0.033204053807476146 0.034229547771793004 0.054020866871444563 -0.022828682642815033 0.048729808870707672
leaf_weight=22.046669259667397 1115.8309486508369 25.129705458879471 24.740256920456886 10.737159833312033 704.96824277937412
leaf_count=124 12704 108 103 95 2983
internal_value=-0.000356341 0.0471341 0.0484402 -0.0331099 0.0489207
internal_weight=1903.45 776.885 754.838 1126.57 729.708
internal_count=16117 3318 3194 12799 3086
is_linear=0
shrinkage=0.03


Tree=25
num_leaves=5
num_cat=0
split_feature=8 6 7 6
split_gain=3163.47 56.1002 6.17818 3.16574
threshold=0.138333335518837 0.20425000041723254 0.36005000770092016 0.53794997930526745
decision_type=2 2 2 2
left_child=1 -1 -3 -2
right_child=3 2 -4 -5
leaf_value=-0.0013237602175913375 -0.033120081515399691 0.03261935016301365 0.047973729976869571 -0.018999031277648983
leaf_weight=21.707283303141594 1074.9195744022727 26.581272847950459 735.33657765388489 15.958466455340384
leaf_count=125 12583 116 3146 145
internal_value=0.000110564 0.0460915 0.0474463 -0.032918
internal_weight=1874.5 783.625 761.918 1090.88
internal_count=16115 3387 3262 12728
is_linear=0
shrinkage=0.03


Tree=26
num_leaves=6
num_cat=0
split_feature=8 2 6 8 6
split_gain=3014.94 57.8958 4.60421 3.68614 0.652747
threshold=0.138333335518837 1.0000000180025095e-35 0.53794997930526745 0.11333333328366281 0.24235000461339953
decision_type=2 2 2 2 2
left_child=1 -1 -2 4 -3
right_child=2 3 -4 -5 -6
leaf_value=-0.00030397592432852892 -0.03301851790414901 0.053715193368146424 -0.01553424439567647 0.034198945345226092 0.046967945505972636
leaf_weight=24.105179399251938 1046.8363620862365 24.783025339245796 14.654972054064272 23.172323480248451 693.30156479775906
leaf_count=125 12588 103 135 112 3005
internal_value=-5.56773e-05 0.0453266 -0.0327814 0.0468143 0.0472124
internal_weight=1826.85 765.362 1061.49 741.257 718.085
internal_count=16068 3345 12723 3220 3108
is_linear=0
shrinkage=0.03


Tree=27
num_leaves=5
num_cat=0
split_feature=8 6 6 6
split_gain=2875.17 52.4277 5.23053 4.32539
threshold=0.138333335518837 0.20674999803304675 0.25225000083446508 0.53794997930526745
decision_type=2 2 2 2
left_child=1 -1 -3 -2
right_child=3 2 -4 -5
leaf_value=-0.0029786936836227362 -0.032919698784708032 0.031375490153491059 0.046341476535220881 -0.016318284724138137
leaf_weight=20.208432488143444 1023.3000607863069 23.87653785943985 701.53092859685421 15.353273674845694
leaf_count=116 12644 105 3079 143
internal_value=-0.000412357 0.0445296 0.0458574 -0.0326788
internal_weight=1784.27 745.616 725.407 1038.65
internal_count=16087 3300 3184 12787
is_linear=0
shrinkage=0.03


Tree=28
num_leaves=6
num_cat=0
split_feature=8 6 7 6 7
split_gain=2757.04 60.4187 7.00892 1.0941 0.0322327
threshold=0.138333335518837 0.19735000282526019 0.36005000770092016 0.53794997930526745 0.40725000202655798
decision_type=2 2 2 2 2
left_child=1 -1 -3 -2 -4
right_child=3 2 4 -5 -6
leaf_value=-0.0095691335256368228 -0.032824770587188502 0.029084969841664941 0.040893799532782098 -0.02334685156554726 0.045762299009170594
leaf_weight=18.584821902215481 989.98253767192364 25.629709959030151 22.160902224481106 14.445354722440241 672.15265713632107
leaf_count=110 12569 114 100 137 2990
internal_value=-0.000339697 0.0436576 0.0450369 -0.0326938 0.0456171
internal_weight=1742.96 738.528 719.943 1004.43 694.314
internal_count=16020 3314 3204 12706 3090
is_linear=0
shrinkage=0.03


Tree=29
num_leaves=6
num_cat=0
split_feature=8 11 4 8 7
split_gain=2647.32 51.1188 23.1115 0.33149 0.533403
threshold=0.13000000268220904 1.0000000180025095e-35 0.41250000894069677 0.10500000044703485 0.62305000424385082
decision_type=2 2 2 2 2
left_child=1 -1 -2 -3 -5
right_child=2 3 -4 4 -6
leaf_value=0.00032317549216849724 -0.032765297838358486 0.045112445622494939 0.016038529881073245 0.036213929555017961 0.044445408466612005
leaf_weight=24.185825869441032 979.05019803345203 640.59266965091228 8.6733410209417325 22.295248359441757 32.20350444316864
leaf_count=125 12713 2890 77 101 146
internal_value=-0.000450244 0.0433247 -0.0323321 0.0448164 0.0412054
internal_weight=1707 719.277 987.724 695.091 54.4988
internal_count=16052 3262 12790 3137 247
is_linear=0
shrinkage=0.03


Tree=30
num_leaves=5
num_cat=0
split_feature=8 6 7 6
split_gain=2566.13 53.105 5.48524 2.87163
threshold=0.138333335518837 0.19915000349283221 0.37274999916553503 0.53794997930526745
decision_type=2 2 2 2
left_child=1 -1 -3 -2
right_child=3 2 -4 -5
leaf_value=-0.0066796844952055788 -0.032645998956214839 0.030552373493988816 0.044392755928886835 -0.017967395188636846
leaf_weight=19.118094593286514 940.02453354746103 29.271399945020676 674.90933749079704 13.480202212929724
leaf_count=112 12601 133 3093 133
internal_value=-0.000119736 0.0424863 0.0438261 -0.0324435
internal_weight=1676.8 723.299 704.181 953.505
internal_count=16072 3338 3226 12734
is_linear=0
shrinkage=0.03


Tree=31
num_leaves=6
num_cat=0
split_feature=8 2 6 6 6
split_gain=2422.3 58.6725 97.5029 5.10481 1.24134
threshold=0.138333335518837 0.059999998658895499 0.31714999675750738 0.53794997930526745 0.24485000222921374
decision_type=2 2 2 2 2
left_child=1 2 -1 -2 -3
right_child=3 4 -4 -5 -6
leaf_value=-0.03785007380388928 -0.032560374577417076 0.051989139932196803 0.048799087261859643 -0.013371661184994341 0.043637158721800517
leaf_weight=21.44312909245491 917.49759192764759 23.304156616330147 25.419117763638496 13.382003992795942 628.40991190075874
leaf_count=131 12642 100 110 133 2934
internal_value=-0.000602341 0.0416159 0.00909029 -0.0322892 0.0439483
internal_weight=1629.46 698.576 46.8622 930.88 651.714
internal_count=16050 3275 241 12775 3034
is_linear=0
shrinkage=0.03


Tree=32
num_leaves=10
num_cat=0
split_feature=2 4 6 4 6 2 11 11 11
split_gain=2168.3 105.915 31.2832 28.8881 22.1158 7.11739 3.65552 2.29093 1.78299
threshold=0.059999998658895499 0.46834999322891241 0.49375000596046453 0.20565000176429751 0.41204999387264257 0.13999999687075618 5.8500001430511483 3.4500000476837163 2.2500000000000004
decision_type=2 2 2 2 2 2 2 2 2
left_child=1 2 7 4 -2 -6 -7 -1 -5
right_child=3 -3 -4 8 5 6 -8 -9 -10
leaf_value=-0.032542650859992632 -0.008985691480486991 0.048554746685682632 0.0043299113978165094 0.036389651014029377 0.040299199226967432 0.029658456035671486 0.0088361914657633864 -0.015020132884163064 0.043266359178861458
leaf_weight=878.24258234351873 15.06461316347122 14.994346484541891 21.207673221826553 46.807476513087749 35.74497939646244 17.5571518316865 14.411086298525332 7.6579164415597907 549.15433688461781
leaf_count=12322 158 66 172 252 178 104 114 75 2615
internal_value=-0.000267724 -0.0302233 -0.031534 0.0404224 0.0236875 0.0310033 0.0204223 -0.0323963 0.0427375
internal_weight=1600.84 922.103 907.108 678.74 82.7778 67.7132 31.9682 885.9 595.962
internal_count=16056 12635 12569 3421 554 396 218 12397 2867
is_linear=0
shrinkage=0.03


Tree=33
num_leaves=11
num_cat=0
split_feature=2 4 6 4 6 2 11 11 6 6
split_gain=2103.22 95.0266 25.4576 23.8489 17.5287 7.16242 4.02796 1.99012 9.29228 0.0514016
threshold=0.059999998658895499 0.46834999322891241 0.52105000615119945 0.20565000176429751 0.43754999339580541 0.13999999687075618 3.4500000476837163 2.9500000476837163 0.48270000517368322 0.23824999481439593
decision_type=2 2 2 2 2 2 2 2 2 2
left_child=1 2 6 4 -2 -6 -1 8 -5 -9
right_child=3 -3 -4 7 5 -7 -8 9 -10 -11
leaf_value=-0.03251629290035303 -0.0028503336648529501 0.048095795541859054 0.0036376429658290165 0.018184000586682108 0.040558036805347079 0.020278240971506035 -0.0096787875435759493 0.04757600734209616 0.043328329498929799 0.042554106519697751
leaf_weight=860.98862075805664 16.458744205534458 13.560679003596304 17.913263767957687 18.62402855604887 36.467201411724091 29.555524557828903 7.4891433939337722 19.93737405538559 52.232454970479012 493.54641029983759
leaf_count=12426 162 60 138 126 181 199 67 92 256 2390
internal_value=-0.00046406 -0.0303842 -0.0315935 0.0399105 0.0246697 0.0315694 -0.0323239 0.0420521 0.0367966 0.0427642
internal_weight=1566.77 899.952 886.391 666.822 82.4815 66.0227 868.478 584.34 70.8565 513.484
internal_count=16097 12691 12631 3406 542 380 12493 2864 382 2482
is_linear=0
shrinkage=0.03


Tree=34
num_leaves=12
num_cat=0
split_feature=2 4 4 6 6 2 11 11 11 6 6
split_gain=2004.28 101.172 24.4696 23.2498 19.5832 7.45819 3.63626 3.00825 1.9293 9.08087 0.204933
threshold=0.059999998658895499 0.46834999322891241 0.20565000176429751 0.49375000596046453 0.42245000600814825 0.13999999687075618 3.4500000476837163 6.0499999523162851 2.9500000476837163 0.49940000474452978 0.23994999378919604
decision_type=2 2 2 2 2 2 2 2 2 2 2
left_child=1 3 4 6 -2 -6 -1 -7 9 -4 -10
right_child=2 -3 8 -5 5 7 -8 -9 10 -11 -12
leaf_value=-0.032407680234041059 -0.0067402258040471759 0.047094598060245504 0.018416647830303459 0.00010886245387567344 0.04007564652995254 0.028417504637237988 -0.010228786295216943 0.0095075118951631881 0.047450614230178663 0.042718794493802566 0.041936821419376394
leaf_weight=832.16274724155664 15.130271449685095 14.900508761405943 19.488671168684959 20.31756267696619 36.737357631325722 17.375154890120029 7.2208243757486335 14.701716646552084 21.037106387317181 54.717026770114899 477.96010587364435
leaf_count=12337 156 67 131 173 185 105 73 113 96 273 2354
internal_value=-0.000360482 -0.0301073 0.0392238 -0.0314542 0.0239629 0.0307572 -0.0322217 0.0199003 0.0414489 0.0364101 0.0421847
internal_weight=1531.75 874.602 657.147 859.701 83.9445 68.8142 839.384 32.0769 573.203 74.2057 498.997
internal_count=16063 12650 3413 12583 559 403 12410 218 2854 404 2450
is_linear=0
shrinkage=0.03


Tree=35
num_leaves=5
num_cat=0
split_feature=8 2 1 0
split_gain=2129.37 40.4566 80.3039 1.64418
threshold=0.138333335518837 0.059999998658895499 0.23984999954700473 0.054999999701976783
decision_type=2 2 2 2
left_child=1 2 -1 -2
right_child=3 -3 -4 -5
leaf_value=-0.03261326443380809 -0.032276103824745633 0.041758970484849049 0.046726877946936779 -0.016882830578235645
leaf_weight=19.989863477647305 830.05412761121988 619.2423389852047 26.642443642020226 7.4630760699510565
leaf_count=127 12687 3085 120 82
internal_value=-0.000308837 0.0397275 0.0126549 -0.0321445
internal_weight=1503.39 665.875 46.6323 837.517
internal_count=16101 3332 247 12769
is_linear=0
shrinkage=0.03


Tree=36
num_leaves=11
num_cat=0
split_feature=2 4 6 4 6 2 11 11 11 6
split_gain=1854.56 92.0715 27.9529 24.8858 19.1297 6.64913 3.86929 1.83781 1.65347 9.69009
threshold=0.059999998658895499 0.46834999322891241 0.52540001273155224 0.20565000176429751 0.42245000600814825 0.13999999687075618 3.4500000476837163 5.8500001430511483 2.9500000476837163 0.48270000517368322
decision_type=2 2 2 2 2 2 2 2 2 2
left_child=1 2 6 4 -2 -6 -1 -7 9 -5
right_child=3 -3 -4 8 5 7 -8 -9 -10 -11
leaf_value=-0.032266703448402767 -0.0085575815754604882 0.045746305042701184 0.0076512928415200833 0.016427490677520522 0.038438646403864567 0.025922093881888035 -0.0099867283174206369 0.010446811737730353 0.04107658547891848 0.042214567140011372
leaf_weight=786.02283369004726 14.59427624940872 14.102080971002577 16.121799543499947 18.389486223459244 34.129350081086159 15.608653157949449 7.5841013789176932 14.314825691282747 490.14303915947676 51.677212432026863
leaf_count=12296 158 65 119 128 180 98 75 111 2502 268
internal_value=-0.00018851 -0.0299364 -0.0312637 0.0381665 0.0222328 0.0292975 -0.0320588 0.0186784 0.0403937 0.0355224
internal_weight=1462.69 823.831 809.729 638.857 78.6471 64.0528 793.607 29.9235 560.21 70.0667
internal_count=16000 12555 12490 3445 547 389 12371 209 2898 396
is_linear=0
shrinkage=0.03


Tree=37
num_leaves=5
num_cat=0
split_feature=8 6 4 7
split_gain=1965.62 40.2619 4.92412 3.68919
threshold=0.138333335518837 0.19555000215768817 0.41250000894069677 0.37274999916553503
decision_type=2 2 2 2
left_child=1 -1 -2 -3
right_child=2 3 -4 -5
leaf_value=-0.0057284651967759066 -0.032104322994068811 0.028379635141153107 -0.0050328891556064188 0.040763070558309515
leaf_weight=17.48222017288208 790.96695016697049 25.229653134942055 6.3998984396457663 587.91452777385712
leaf_count=111 12760 127 67 3037
internal_value=-0.000589581 0.0389827 -0.0318915 0.0402631
internal_weight=1427.99 630.626 797.367 613.144
internal_count=16102 3275 12827 3164
is_linear=0
shrinkage=0.03


Tree=38
num_leaves=12
num_cat=0
split_feature=2 4 4 1 9 11 2 11 7 11 4
split_gain=1735.84 87.1994 22.6656 18.8256 18.5526 11.8693 6.24122 1.64108 2.87644 1.14801 0.729864
threshold=0.059999998658895499 0.46834999322891241 0.20565000176429751 0.29289999604225164 1.0000000180025095e-35 3.4500000476837163 0.13999999687075618 2.2500000000000004 0.63210001587867748 5.5499999523162851 0.13500000163912776
decision_type=2 2 2 2 2 2 2 2 2 2 2
left_child=1 4 3 -2 5 10 -5 8 -4 -8 -1
right_child=2 -3 7 6 -6 -7 9 -9 -10 -11 -12
leaf_value=-0.023505526479326317 -0.0080341438761661957 0.044192541840578262 0.024021203533345754 0.038580358184384433 0.017286380373765006 -0.00044195765055412347 0.025885691734948885 0.040350463887890639 0.040199142466883095 0.013687029786831825 -0.032054282965310654
leaf_weight=13.132564023137091 14.630853638052939 14.010627850890158 18.80810658633709 33.398260571062565 6.9530864134430876 11.140514418482779 15.069884836673738 489.56386537104845 26.732713781297207 16.771136328577995 743.72202309593558
leaf_count=191 157 67 123 180 50 100 97 2601 145 130 12285
internal_value=-0.000220469 -0.0296723 0.0375574 0.0225162 -0.0310171 -0.0314605 0.0294153 0.0397923 0.0336507 0.0196174 -0.031913
internal_weight=1403.93 788.959 614.975 79.8701 774.948 767.995 65.2393 535.105 45.5408 31.841 756.855
internal_count=16126 12693 3433 564 12626 12576 407 2869 268 227 12476
is_linear=0
shrinkage=0.03


Tree=39
num_leaves=12
num_cat=0
split_feature=2 6 6 11 6 2 2 11 11 1 1
split_gain=1663.42 70.6455 6.99867 5.3064 18.2278 3.05079 5.7431 2.22679 1.3738 0.861103 0.84091
threshold=0.059999998658895499 0.48784999549388891 0.6066499948501588 2.2500000000000004 0.48270000517368322 0.1799999997019768 0.21999999880790713 3.4500000476837163 2.8500000238418584 0.45049999654293066 0.43045000731945043
decision_type=2 2 2 2 2 2 2 2 2 2 2
left_child=1 7 -3 4 -2 8 -7 9 -5 -1 -8
right_child=3 2 -4 5 -6 6 10 -9 -10 -11 -12
leaf_value=-0.031987429598655907 -0.00041784070423125957 0.0015898422593485805 0.030373150605166124 0.030431012366916029 0.03979982656385072 0.019729641582326252 0.034021882341384216 -0.014267273109944073 0.039722685455803451 -0.021904784824106495 0.039991818873260233
leaf_weight=710.09921078383923 14.768196523189543 17.593470085412267 13.62849924713373 19.710394032299519 31.271800853312016 22.984063714742661 77.436203852295876 7.4015266448259345 383.37762803584337 10.557737104594706 51.818017870187759
leaf_count=12086 135 161 78 127 172 167 466 77 2068 162 284
internal_value=-0.000257334 -0.029778 0.0143065 0.037009 0.0268613 0.0378399 0.0339748 -0.0316743 0.0392834 -0.0318469 0.0364675
internal_weight=1360.65 759.28 31.222 601.366 46.04 555.326 152.238 728.058 403.088 720.657 129.254
internal_count=15983 12564 239 3419 307 3112 917 12325 2195 12248 750
is_linear=0
shrinkage=0.03


Tree=40
num_leaves=12
num_cat=0
split_feature=2 6 4 6 4 2 11 11 6 11 6
split_gain=1603.98 80.9367 22.9134 16.5279 12.533 6.51738 2.60607 2.13445 10.4663 1.56849 1.50627
threshold=0.059999998658895499 0.49375000596046453 0.20565000176429751 0.41204999387264257 0.20565000176429751 0.13999999687075618 3.4500000476837163 2.9500000476837163 0.48784999549388891 5.8500001430511483 0.46339999139308935
decision_type=2 2 2 2 2 2 2 2 2 2 2
left_child=1 6 3 -2 -3 -5 10 8 -4 -7 -1
right_child=2 4 7 5 -6 9 -8 -9 -10 -11 -12
leaf_value=-0.031910861945276488 -0.0074209522568228744 -0.0017716943945458945 0.012652982553805123 0.0368226677887643 0.035480395164247051 0.023920677548658838 -0.011944071382078463 0.039566309079885294 0.040440095110137672 0.009538670837995129 -0.01569696714228333
leaf_weight=700.85702449828386 14.533496618270872 15.896347090601919 17.032577745616436 34.238197892904282 16.208909131586552 15.651967018842699 6.664131596684455 453.67279544472694 47.518380716443062 14.092906549572943 6.2222510762512675
leaf_count=12265 158 142 123 194 93 102 67 2500 265 110 92
internal_value=-0.000167034 -0.0294978 0.0364865 0.0212552 0.0169943 0.0278171 -0.0315954 0.0387838 0.0331854 0.0172619 -0.0317747
internal_weight=1342.59 745.849 596.74 78.5166 32.1053 63.9831 713.743 518.224 64.551 29.7449 707.079
internal_count=16111 12659 3452 564 235 406 12424 2888 388 212 12357
is_linear=0
shrinkage=0.03


Tree=41
num_leaves=11
num_cat=0
split_feature=2 4 4 2 6 11 11 11 6 4
split_gain=1533.38 80.666 23.5576 52.7616 22.5442 10.3899 4.26937 2.17556 10.1119 0.0225293
threshold=0.059999998658895499 0.46834999322891241 0.20565000176429751 0.1799999997019768 0.53794997930526745 3.6499999761581425 3.4500000476837163 2.9500000476837163 0.46829999983310705 0.13500000163912776
decision_type=2 2 2 2 2 2 2 2 2 2
left_child=1 4 3 5 6 -2 9 8 -4 -1
right_child=2 -3 7 -5 -6 -7 -8 -9 -10 -11
leaf_value=-0.026556726139418358 0.010899451101256351 0.04319736407611758 0.012394337482051465 -0.032641590594002901 0.0065552941754532038 0.039467115849176566 -0.0093475147074592937 0.039234432022508862 0.039874577361819159 -0.031963310840293462
leaf_weight=10.787887036800383 15.845393642783163 13.370053261518477 16.76461673527956 13.715604051947592 14.03691767901182 45.594414561986923 8.1317046210169774 439.02928310632706 47.509913831949234 675.10316129773855
leaf_count=182 135 66 121 166 104 247 81 2467 270 12142
internal_value=-0.000306603 -0.0294836 0.0360753 0.0202811 -0.0308661 0.0321779 -0.0316282 0.0384233 0.0327839 -0.0318865
internal_weight=1299.89 721.43 578.459 75.1554 708.06 61.4398 694.023 503.304 64.2745 685.891
internal_count=15981 12575 3406 548 12509 382 12405 2858 391 12324
is_linear=0
shrinkage=0.03


Tree=42
num_leaves=6
num_cat=0
split_feature=8 4 2 8 10
split_gain=1653.27 35.1363 29.226 0.263339 0.0964074
threshold=0.13000000268220904 0.44000001251697546 1.0000000180025095e-35 0.14333333075046542 0.061650002375245101
decision_type=2 2 2 2 2
left_child=2 3 -1 -2 -4
right_child=1 -3 4 -5 -6
leaf_value=0.0027046589919085652 -0.022094574366454598 0.043743385558845591 0.034381244356088546 -0.031817644072806857 0.038926027719400354
leaf_weight=21.219483748078346 5.5331039987504473 5.4775041863322249 23.632190957665443 689.72537870705128 531.99697045981884
leaf_count=124 50 39 136 12692 3029
internal_value=-0.000183202 -0.0311472 0.0374245 -0.0317478 0.0387443
internal_weight=1277.58 700.736 576.849 695.258 555.629
internal_count=16070 12781 3289 12742 3165
is_linear=0
shrinkage=0.03


Tree=43
num_leaves=5
num_cat=0
split_feature=8 6 6 7
split_gain=1593.62 30.5842 5.87459 4.55763
threshold=0.138333335518837 0.19915000349283221 0.61364999413490307 0.37274999916553503
decision_type=2 2 2 2
left_child=1 -1 -2 -3
right_child=2 3 -4 -5
leaf_value=-0.0031049375352838015 -0.031707012129946553 0.024252614400178018 0 0.038603979904229604
leaf_weight=16.611173450946808 666.03278201445937 22.555949300527573 5.2137419655919066 528.68458551168442
leaf_count=111 12622 124 50 3068
internal_value=-0.000166188 0.0368179 -0.0314587 0.0380267
internal_weight=1239.1 567.852 671.247 551.241
internal_count=15975 3303 12672 3192
is_linear=0
shrinkage=0.03


Tree=44
num_leaves=5
num_cat=0
split_feature=8 2 7 4
split_gain=1533.63 32.4091 60.3138 3.34964
threshold=0.14333333075046542 0.059999998658895499 0.49954999983310705 0.41250000894069677
decision_type=2 2 2 2
left_child=1 2 -1 -2
right_child=3 -3 -4 -5
leaf_value=-0.029433503080775244 -0.031692111503635843 0.038356153844852393 0.042515738673586614 -0.0083178976897031603
leaf_weight=18.557481717318296 647.434769526124 514.24935120344162 23.787703800946474 6.0018365532159796
leaf_count=137 12627 3058 118 61
internal_value=-0.000312022 0.0362765 0.0109187 -0.0314833
internal_weight=1210.03 556.595 42.3452 653.437
internal_count=16001 3313 255 12688
is_linear=0
shrinkage=0.03


Tree=45
num_leaves=5
num_cat=0
split_feature=8 2 7 4
split_gain=1484.82 35.876 59.5983 2.70927
threshold=0.14333333075046542 0.059999998658895499 0.49954999983310705 0.41250000894069677
decision_type=2 2 2 2
left_child=1 2 -1 -2
right_child=3 -3 -4 -5
leaf_value=-0.032139322328057586 -0.031635430955216662 0.038042267041524316 0.040937687693518042 -0.012035035279684185
leaf_weight=17.890150468796492 633.0234466008842 506.8090645223856 22.598235111683607 7.0750635191798201
leaf_count=134 12706 3081 116 73
internal_value=-0.000404627 0.0358697 0.00857442 -0.0314254
internal_weight=1187.4 547.297 40.4884 640.099
internal_count=16110 3331 250 12779
is_linear=0
shrinkage=0.03


Tree=46
num_leaves=6
num_cat=0
split_feature=8 6 6 4 6
split_gain=1448.57 30.416 5.42352 2.90058 0.175799
threshold=0.14333333075046542 0.19555000215768817 0.25024999678134924 0.41250000894069677 0.28984999656677252
decision_type=2 2 2 2 2
left_child=1 -1 -3 -2 -4
right_child=3 2 4 -5 -6
leaf_value=-0.0056429110492600227 -0.031628414023033388 0.020920554490044357 0.03282266977423904 -0.010920011125352666 0.037841913298753485
leaf_weight=15.330883514136074 616.78514618054032 19.378802374005318 21.710119560360909 6.7316972836852065 480.63144461810589
leaf_count=111 12739 111 134 70 2980
internal_value=-0.000305518 0.035802 0.0370265 -0.0314114 0.0376375
internal_weight=1160.57 537.051 521.72 623.517 502.342
internal_count=16145 3336 3225 12809 3114
is_linear=0
shrinkage=0.03


Tree=47
num_leaves=6
num_cat=0
split_feature=8 6 8 4 6
split_gain=1376.02 39.6295 59.6953 6.73745 0.271118
threshold=0.14333333075046542 0.24845000356435779 0.10500000044703485 0.41250000894069677 0.28984999656677252
decision_type=2 2 2 2 2
left_child=1 2 -1 -2 -3
right_child=3 4 -4 -5 -6
leaf_value=0.042243798003248414 -0.031526496887110497 0.03241551041251127 -0.036398109383003412 0 0.037487692915045445
leaf_weight=17.748536854982376 596.93552060797811 24.703494116663933 16.810850452631712 6.2121106162667266 469.86486196517944
leaf_count=93 12688 154 132 64 2981
internal_value=-0.000226788 0.0350764 0.00390852 -0.0312031 0.037247
internal_weight=1132.28 529.128 34.5594 603.148 494.568
internal_count=16112 3360 225 12752 3135
is_linear=0
shrinkage=0.03


Tree=48
num_leaves=15
num_cat=0
split_feature=2 6 4 6 4 7 2 11 2 6 7 6 5 7
split_gain=1200.31 71.9112 17.619 12.9474 12.7281 5.89283 4.96232 1.49791 1.4908 4.3335 1.18389 0.305118 1.8738 0.224193
threshold=0.059999998658895499 0.47304999828338629 0.20565000176429751 0.42245000600814825 0.46834999322891241 0.63659998774528515 0.13999999687075618 3.4500000476837163 0.099999997764825835 0.29424999654293066 0.64534997940063488 0.35054999589920049 0.73214998841285717 0.52055001258850109
decision_type=2 2 2 2 2 2 2 2 2 2 2 2 2 2
left_child=1 7 3 -2 5 -3 -5 11 9 -4 -8 -1 -13 -11
right_child=2 4 8 6 -6 -7 10 -9 -10 13 -12 12 -14 -15
leaf_value=-0.031593111585823917 -0.0075115302414917092 -0.014666121250183335 0.016574112976388566 0.034432915288087555 0.040243912314802635 0.016618448615516035 0.0089841260850721198 -0.015063544953021831 0.037617399074468344 0.030556610740111234 0.022654845986217254 -0.030851078604163022 -0.011644871586400585 0.036331091937506943
leaf_weight=531.10993545129895 12.522317197173832 10.782392028719189 13.507505938410757 29.805215358734131 11.209379896521567 10.673439420759676 12.719499330967666 6.1207799576222888 314.11967670917511 19.868817172944546 12.459453649818895 27.658757749944925 6.3268310874700537 83.543553560972214
leaf_count=11618 160 148 101 199 62 83 116 74 2050 137 95 610 112 555
internal_value=-0.000264505 -0.0287077 0.0341812 0.0197853 0.0144839 0.000762456 0.0260588 -0.031185 0.0364237 0.0331617 0.0159304 -0.0313516 -0.0274083 0.0352812
internal_weight=1102.43 603.882 498.546 67.5065 32.6652 21.4558 54.9842 571.216 431.04 116.92 25.179 565.096 33.9856 103.412
internal_count=16120 12707 3413 570 293 231 410 12414 2843 793 211 12340 722 692
is_linear=0
shrinkage=0.03


Tree=49
num_leaves=13
num_cat=0
split_feature=2 6 4 1 4 2 11 11 6 11 6 5
split_gain=1166.06 67.6802 17.479 13.6692 10.5084 5.572 2.19378 2.02549 11.5995 1.26747 0.480109 1.39156
threshold=0.059999998658895499 0.48784999549388891 0.20565000176429751 0.29289999604225164 0.39249999821186071 0.13999999687075618 3.4500000476837163 2.9500000476837163 0.47304999828338629 5.5499999523162851 0.40684999525547033 0.47220000624656683
decision_type=2 2 2 2 2 2 2 2 2 2 2 2
left_child=1 6 3 -2 -3 -5 10 8 -4 -7 -1 -12
right_child=2 4 7 5 -6 9 -8 -9 -10 -11 11 -13
leaf_value=-0.031509574200680388 -0.0087255592948517861 -0.0018101212603440103 0.0064174179119830142 0.035667798460348885 0.033822079580634316 0.023035327052324608 -0.012115491055808003 0.036819974954798926 0.038153804347222799 0.0091665588445673501 -0.030875317449463185 -0.0098810609065133614
leaf_weight=536.4093412719667 12.579462718218563 15.10979837551713 14.195656880736349 26.410279683768749 14.291445717215538 12.058089014142753 6.0850040316581717 373.2778574898839 41.416283316910267 14.083323825150726 10.23609299585223 4.7631784789264193
leaf_count=12079 158 157 116 176 91 92 73 2498 281 132 230 83
internal_value=-0.000197562 -0.0287857 0.033758 0.0191321 0.0154643 0.0258613 -0.0311271 0.0359671 0.0301326 0.0157414 -0.0313293 -0.0245166
internal_weight=1080.92 586.895 494.021 65.1312 29.4012 52.5517 557.494 428.89 55.6119 26.1414 551.409 14.9993
internal_count=16166 12713 3453 558 248 400 12465 2895 397 224 12392 313
is_linear=0
shrinkage=0.03


Tree=50
num_leaves=6
num_cat=0
split_feature=8 4 2 6 8
split_gain=1247.51 24.0712 22.8646 0.200163 0.0836929
threshold=0.13000000268220904 0.44000001251697546 1.0000000180025095e-35 0.61364999413490307 0.10500000044703485
decision_type=2 2 2 2 2
left_child=2 3 -1 -2 -4
right_child=1 -3 4 -5 -6
leaf_value=0.0030865576276356854 -0.031438021253776365 0.030222496045992888 0.036745780402902328 -0.021417679308517203 0.033215847622716781
leaf_weight=19.455986090004444 551.2801867723465 5.6467172577977172 423.31351275742054 4.5869852304458609 37.196932345628738
leaf_count=123 12658 41 2873 49 250
internal_value=-0.000378402 -0.0307346 0.0351282 -0.0313646 0.0364744
internal_weight=1041.48 561.514 479.966 555.867 460.51
internal_count=15994 12748 3246 12707 3123
is_linear=0
shrinkage=0.03


Tree=51
num_leaves=10
num_cat=0
split_feature=2 4 6 4 2 11 11 11 6
split_gain=1084.53 53.4502 20.556 18.6498 39.824 9.28997 3.3469 2.2485 4.69434
threshold=0.059999998658895499 0.46834999322891241 0.52540001273155224 0.20565000176429751 0.1799999997019768 3.6499999761581425 3.4500000476837163 2.2500000000000004 0.50505000352859508
decision_type=2 2 2 2 2 2 2 2 2
left_child=1 2 6 4 5 -2 -1 8 -5
right_child=3 -3 -4 7 -6 -7 -8 -9 -10
leaf_value=-0.03139629583525632 0.0074837979889652573 0.039199191422137118 0.0049751869055441262 0.013034042296679376 -0.031926963852093877 0.036632007457608626 -0.0083740160923893338 0.036240681310728703 0.03627028037260812
leaf_weight=520.26686077564955 13.633597414940594 10.067213475704191 14.40982076153159 13.194463737308977 11.64117309078574 38.734614230692387 6.1935153976082793 371.27308551967144 21.797891721129417
leaf_count=12379 144 59 126 107 172 256 73 2610 155
internal_value=-0.000320874 -0.0288847 -0.0301645 0.0331349 0.017946 0.0291294 -0.0311328 0.0355157 0.0276563
internal_weight=1021.21 550.937 540.87 470.275 64.0094 52.3682 526.46 406.265 34.9924
internal_count=16081 12637 12578 3444 572 400 12452 2872 262
is_linear=0
shrinkage=0.03


Tree=52
num_leaves=5
num_cat=0
split_feature=8 2 7 4
split_gain=1161.72 31.082 49.9716 4.4518
threshold=0.14333333075046542 0.059999998658895499 0.49954999983310705 0.41250000894069677
decision_type=2 2 2 2
left_child=1 2 -1 -2
right_child=3 -3 -4 -5
leaf_value=-0.031926853642558234 -0.031306211951927107 0.03628196199316451 0.038039266798905083 -0.005410551251049436
leaf_weight=16.143797386437654 521.05757140740752 428.87410886585712 21.006116598844528 6.374838910996913
leaf_count=136 12708 3048 117 63
internal_value=-0.000505489 0.0340001 0.0075503 -0.031
internal_weight=993.456 466.024 37.1499 527.432
internal_count=16072 3301 253 12771
is_linear=0
shrinkage=0.03


Tree=53
num_leaves=5
num_cat=0
split_feature=8 2 4 7
split_gain=1126.19 26.6415 19.5008 0.212214
threshold=0.13000000268220904 1.0000000180025095e-35 0.44000001251697546 0.37510000169277197
decision_type=2 2 2 2
left_child=1 -1 -2 -3
right_child=2 3 -4 -5
leaf_value=0 -0.031260797169651626 0.030375360161121565 0.029216652429196504 0.035995786744643606
leaf_weight=19.494387954473495 510.23786016181111 17.511011973023415 4.7190238237380973 413.8440955132246
leaf_count=127 12704 117 35 3016
internal_value=-0.000383067 0.0342317 -0.0306952 0.0357817
internal_weight=965.806 450.849 514.957 431.355
internal_count=15999 3260 12739 3133
is_linear=0
shrinkage=0.03


Tree=54
num_leaves=5
num_cat=0
split_feature=8 1 7 1
split_gain=1094.13 72.9525 2.4027 1.25538
threshold=0.14333333075046542 1.0000000180025095e-35 0.36284999549388891 0.46880000829696661
decision_type=2 2 2 2
left_child=1 -1 -3 -2
right_child=3 2 -4 -5
leaf_value=-0.033068642297186368 -0.031303183259526746 0.023584913174526427 0.035966729651044076 -0.015722028015622287
leaf_weight=14.298506341874598 487.75517628714442 16.868582274764776 424.30660073086619 5.7924423255026332
leaf_count=112 12529 127 3144 126
internal_value=-0.000184887 0.0333395 0.0355056 -0.0311296
internal_weight=949.021 455.474 441.175 493.548
internal_count=16038 3383 3271 12655
is_linear=0
shrinkage=0.03


Tree=55
num_leaves=6
num_cat=0
split_feature=8 2 4 8 10
split_gain=1047.84 27.7102 17.2709 0.339513 0.240908
threshold=0.13000000268220904 1.0000000180025095e-35 0.44000001251697546 0.138333335518837 0.095449998974800124
decision_type=2 2 2 2 2
left_child=1 -1 3 -2 -3
right_child=2 4 -4 -5 -6
leaf_value=-0.0010111472230796472 -0.019365083912554894 0.030619077415665562 0.025944205991063389 -0.031190324879369496 0.035633166373307747
leaf_weight=19.582630529999733 4.1479272022843352 23.263824433088303 4.6964276432991019 478.94966581836343 386.96261586993933
leaf_count=131 35 178 34 12683 2952
internal_value=-0.000445453 0.0336996 -0.0305385 -0.031099 0.0353637
internal_weight=917.603 429.809 487.794 483.098 410.226
internal_count=16013 3261 12752 12718 3130
is_linear=0
shrinkage=0.03


Tree=56
num_leaves=5
num_cat=0
split_feature=8 1 1 7
split_gain=1018.09 65.1796 5.45715 2.80922
threshold=0.14333333075046542 1.0000000180025095e-35 0.46880000829696661 0.35754999518394476
decision_type=2 2 2 2
left_child=1 -1 -2 -3
right_child=2 3 -4 -5
leaf_value=-0.030975117670257971 -0.031159602898326755 0.021459969035032403 -0.0016740317238571952 0.035568919949790383
leaf_weight=13.760806687176226 459.08008721098304 14.801424138247965 5.9493267536163321 408.06373793631792
leaf_count=109 12490 113 126 3168
internal_value=9.35856e-05 0.0329918 -0.0307893 0.0350874
internal_weight=901.655 436.626 465.029 422.865
internal_count=16006 3390 12616 3281
is_linear=0
shrinkage=0.03


Tree=57
num_leaves=5
num_cat=0
split_feature=8 1 4 6
split_gain=979.356 56.755 5.77639 2.70794
threshold=0.14333333075046542 1.0000000180025095e-35 0.41250000894069677 0.22365000098943713
decision_type=2 2 2 2
left_child=1 -1 -2 -3
right_child=2 3 -4 -5
leaf_value=-0.029780022771056937 -0.031162497659760494 0.020310204544341307 -0.0028200451585288617 0.035257617024957881
leaf_weight=12.504860147833822 447.80960320308805 12.687183022499083 6.8244091197848311 393.04872692376375
leaf_count=105 12608 87 71 3136
internal_value=-0.000265397 0.032858 -0.0307444 0.0348027
internal_weight=872.875 418.241 454.634 405.736
internal_count=16007 3328 12679 3223
is_linear=0
shrinkage=0.03


Tree=58
num_leaves=5
num_cat=0
split_feature=8 2 7 4
split_gain=954.438 26.4808 40.243 4.52227
threshold=0.14333333075046542 0.059999998658895499 0.49954999983310705 0.41250000894069677
decision_type=2 2 2 2
left_child=1 2 -1 -2
right_child=3 -3 -4 -5
leaf_value=-0.027898062953597348 -0.031127246186431527 0.035086289735855924 0.037111873949701758 -0.0048472023359882399
leaf_weight=15.634644504636524 439.94512776657939 372.49511694908142 18.675710059702396 6.2887641787528983
leaf_count=137 12745 3063 112 66
internal_value=-0.000465979 0.0327615 0.00740578 -0.0307648
internal_weight=853.039 406.805 34.3104 446.234
internal_count=16123 3312 249 12811
is_linear=0
shrinkage=0.03


Tree=59
num_leaves=6
num_cat=0
split_feature=8 6 4 7 6
split_gain=913.049 28.1555 6.25814 6.22698 0.20479
threshold=0.14333333075046542 0.19115000218153003 0.41250000894069677 0.36005000770092016 0.27355000376701361
decision_type=2 2 2 2 2
left_child=1 -1 -2 -3 -5
right_child=2 3 -4 4 -6
leaf_value=-0.012306412110911746 -0.031019473388914753 0.015431685735794027 -0.00050570939883625224 0.030198006864639408 0.035023344926538927
leaf_weight=12.092946145683525 424.14446761831641 16.516005221754313 6.3429195284843436 23.446926936507225 344.82655765116215
leaf_count=109 12658 121 66 177 2906
internal_value=-0.000316851 0.0324974 -0.0305771 0.0339161 0.0347326
internal_weight=827.37 396.882 430.487 384.789 368.273
internal_count=16037 3313 12724 3204 3083
is_linear=0
shrinkage=0.03


Tree=60
num_leaves=5
num_cat=0
split_feature=8 1 1 7
split_gain=898.94 52.7252 4.2206 3.14778
threshold=0.14333333075046542 1.0000000180025095e-35 0.46880000829696661 0.34804999828338629
decision_type=2 2 2 2
left_child=1 -1 -2 -3
right_child=2 3 -4 -5
leaf_value=-0.029010717546105458 -0.031014435617123502 0.019053390761370154 -0.0034379730335133848 0.034844189823274127
leaf_weight=12.08431516587734 414.48744731023908 13.007799372076986 5.3308644928038111 369.94047375023365
leaf_count=102 12633 104 125 3166
internal_value=-0.000106551 0.032369 -0.0306723 0.0343208
internal_weight=814.851 395.033 419.818 382.948
internal_count=16130 3372 12758 3270
is_linear=0
shrinkage=0.03


Tree=61
num_leaves=6
num_cat=0
split_feature=8 2 6 6 6
split_gain=850.182 30.3101 45.3839 5.40828 0.276506
threshold=0.138333335518837 0.059999998658895499 0.32795000076293951 0.61364999413490307 0.53794997930526745
decision_type=2 2 2 2 2
left_child=1 2 -1 4 -2
right_child=3 -3 -4 -5 -6
leaf_value=-0.03397710074401053 -0.031022655939848043 0.03452244778952733 0.037492958558536044 0.0035242576349550593 -0.021595591019873215
leaf_weight=14.973571024835111 396.65521045960486 346.04081954807043 16.912210337817669 3.9732119627296916 5.950142189860343
leaf_count=131 12573 3073 106 51 89
internal_value=-0.000441485 0.031943 0.00383551 -0.0305517 -0.0308962
internal_weight=784.505 377.927 31.8858 406.579 402.605
internal_count=16023 3310 237 12713 12662
is_linear=0
shrinkage=0.03


Tree=62
num_leaves=14
num_cat=0
split_feature=2 6 10 6 11 6 2 2 6 7 3 6 1
split_gain=748.452 48.1148 6.55841 4.13242 3.41434 19.6683 1.68435 2.77248 1.51663 2.82535 0.408531 0.337248 0.242787
threshold=0.059999998658895499 0.46829999983310705 0.54714998602867138 0.57445001602172863 2.8500000238418584 0.42724999785423284 0.1799999997019768 0.21999999880790713 0.40154999494552618 0.59354999661445629 0.099999997764825835 0.53794997930526745 0.46880000829696661
decision_type=2 2 2 2 2 2 2 2 2 2 2 2 2
left_child=1 8 3 -3 5 -2 -6 -8 12 -10 -9 -7 -1
right_child=4 2 -4 -5 6 11 7 10 9 -11 -12 -13 -14
leaf_value=-0.031038735487452625 -0.011866287689284433 -0.016869770182106305 0.031398828312509064 0.015150940098069417 0.033902494392156771 0.028243647093915799 0.016490335449743144 0.028907770965673773 -0.030085071601618097 0.0011254601443816104 0.035109226861994539 0.037261577055386311 -0.019736921084441441
leaf_weight=369.08893679454923 10.779657319188116 6.8707314245402831 9.9499509017914516 7.4599116966128349 225.2691060565412 11.631003618240355 15.547096297144888 50.919052101671696 6.7237362526357156 3.9251225981861353 25.162569172680378 22.335870645940304 3.8541882187128058
leaf_count=11932 149 144 71 71 2059 110 183 511 220 78 236 207 100
internal_value=-0.000145324 -0.0280055 0.0128176 -3.80218e-06 0.0312669 0.0231505 0.0323958 0.028626 -0.0306 -0.0183985 0.0310416 0.0343537 -0.0309353
internal_weight=769.517 407.873 24.2806 14.3306 361.644 44.7465 316.898 91.6287 383.592 10.6489 76.0816 33.9669 372.943
internal_count=16071 12616 286 215 3455 466 2989 930 12330 298 747 317 12032
is_linear=0
shrinkage=0.03


Tree=63
num_leaves=6
num_cat=0
split_feature=8 2 6 6 6
split_gain=800.785 28.4499 44.3573 5.2855 0.93313
threshold=0.14333333075046542 0.059999998658895499 0.31714999675750738 0.61364999413490307 0.53794997930526745
decision_type=2 2 2 2 2
left_child=1 2 -1 4 -2
right_child=3 -3 -4 -5 -6
leaf_value=-0.034515522789982885 -0.03096900385322978 0.034364955898470953 0.037040011275196356 0.0031713668123249704 -0.017668315090344909
leaf_weight=14.245331954210998 374.44830304756761 330.247403383255 16.957711711525917 3.9970336407423011 6.3333918787538996
leaf_count=140 12538 3078 108 50 95
internal_value=-0.000278706 0.0317772 0.00427055 -0.0303993 -0.0307604
internal_weight=746.229 361.45 31.203 384.779 380.782
internal_count=16009 3326 248 12683 12633
is_linear=0
shrinkage=0.03


Tree=64
num_leaves=5
num_cat=0
split_feature=8 1 4 7
split_gain=777.225 48.8107 9.9533 2.47247
threshold=0.138333335518837 1.0000000180025095e-35 0.44000001251697546 0.3530499935150147
decision_type=2 2 2 2
left_child=1 -1 -2 -3
right_child=2 3 -4 -5
leaf_value=-0.029142837906196244 -0.030876358776156059 0.01936319813324594 0.022329096065285197 0.034273853528352861
leaf_weight=11.346948053687809 369.77094157226384 11.744524963200091 3.0594158023595801 328.75425235182047
leaf_count=104 12630 98 29 3106
internal_value=-0.00024403 0.0317289 -0.0304258 0.0337742
internal_weight=724.676 351.846 372.83 340.499
internal_count=15967 3308 12659 3204
is_linear=0
shrinkage=0.03


Tree=65
num_leaves=5
num_cat=0
split_feature=8 2 7 4
split_gain=763.443 23.3619 34.1969 2.03607
threshold=0.14333333075046542 0.059999998658895499 0.49954999983310705 0.41250000894069677
decision_type=2 2 2 2
left_child=1 2 -1 -2
right_child=3 -3 -4 -5
leaf_value=-0.029402380971614545 -0.030910040887308098 0.034110185427312076 0.034454967338659159 -0.01159747620077691
leaf_weight=13.303389359265568 356.90444062463939 315.20189061760902 17.131188955157995 5.6478920131921759
leaf_count=130 12629 3085 120 66
internal_value=-0.000207639 0.0316849 0.00643888 -0.0306207
internal_weight=708.189 345.636 30.4346 362.552
internal_count=16030 3335 250 12695
is_linear=0
shrinkage=0.03


Tree=66
num_leaves=15
num_cat=0
split_feature=2 6 4 4 1 2 2 6 6 7 7 7 7 7
split_gain=654.554 39.9451 10.1965 8.72223 7.12532 3.08201 1.65551 4.70346 1.33229 2.63591 0.794718 0.417984 0.21361 0.184609
threshold=0.059999998658895499 0.46829999983310705 0.20565000176429751 0.39249999821186071 0.26524999737739569 0.13999999687075618 0.099999997764825835 0.29424999654293066 0.40154999494552618 0.61939999461174022 0.61509999632835399 0.49795000255107885 0.63210001587867748 0.78870001435279857
decision_type=2 2 2 2 2 2 2 2 2 2 2 2 2 2
left_child=1 8 4 10 -2 -6 7 -4 13 -10 -3 -9 -7 -1
right_child=2 3 6 -5 5 12 -8 11 9 -11 -12 -13 -14 -15
leaf_value=-0.030913750462229699 -0.0077679923178815722 -0.01471995843991278 0.0098361631712016173 0.029741078615858632 0.031867449407351381 0.0091712723727649884 0.034430414848319497 0.024331397926230826 -0.029855813807048635 0.0026817995577678054 0.00033234320982154097 0.033046972223897055 0.01716717610525547 -0.022924990015259175
leaf_weight=323.62071591801941 8.1503078602254373 6.0242704600095767 10.753066960722206 10.944970035925506 18.026392791420221 8.0912969931960124 203.51605690270662 10.317789662629364 5.9186344947665912 3.29164994135499 5.7323602549731731 55.885954178869724 10.374176088720558 7.0296920817345372
leaf_count=11772 147 130 111 96 183 106 2062 106 217 68 75 578 121 241
internal_value=-0.000136254 -0.0278529 0.0307626 0.0105378 0.017243 0.0229171 0.0328969 0.0287632 -0.0304284 -0.0180011 -0.00718675 0.0317727 0.0138934 -0.03076
internal_weight=687.677 362.562 325.115 22.7016 44.6422 36.4919 280.473 76.9568 339.861 9.21028 11.7566 66.2037 18.4655 330.65
internal_count=16013 12599 3414 301 557 410 2857 795 12298 285 205 684 227 12013
is_linear=0
shrinkage=0.03


Tree=67
num_leaves=6
num_cat=0
split_feature=8 4 2 8 7
split_gain=704.273 27.4023 19.9095 0.400249 0.671327
threshold=0.13000000268220904 0.44000001251697546 1.0000000180025095e-35 0.10500000044703485 0.63659998774528515
decision_type=2 2 2 2 2
left_child=2 -2 -1 -4 -5
right_child=1 -3 3 4 -6
leaf_value=-0.00045397415711497273 -0.03077472746550132 0.034755935974047698 0.033822832851757856 0.021321889239750026 0.033273798262848736
leaf_weight=16.284092843532562 347.36061323434114 5.7178845331072798 280.82967641204596 10.442193493247034 13.674663320183752
leaf_count=131 12829 43 2888 101 140
internal_value=-0.000451188 -0.0296955 0.0316824 0.0334079 0.0283321
internal_weight=674.309 353.078 321.231 304.947 24.1169
internal_count=16132 12872 3260 3129 241
is_linear=0
shrinkage=0.03


Tree=68
num_leaves=5
num_cat=0
split_feature=8 1 1 7
split_gain=691.58 45.4875 4.71653 2.85251
threshold=0.14333333075046542 1.0000000180025095e-35 0.46880000829696661 0.3530499935150147
decision_type=2 2 2 2
left_child=1 -1 -2 -3
right_child=2 3 -4 -5
leaf_value=-0.028282771930523264 -0.030861417229628763 0.017878631881517563 -0.00014281091757091852 0.033711871693636319
leaf_weight=11.118050869554279 329.93089838698506 11.824088599532841 4.7605322748422614 301.77426543459296
leaf_count=108 12604 110 130 3161
internal_value=-0.000171734 0.0310103 -0.0304336 0.0331303
internal_weight=659.408 324.716 334.691 313.598
internal_count=16113 3379 12734 3271
is_linear=0
shrinkage=0.03


Tree=69
num_leaves=15
num_cat=0
split_feature=2 6 4 2 4 10 11 2 6 11 6 5 11 0
split_gain=590.768 42.2617 10.3983 23.6124 6.99233 10.3952 4.49636 1.82154 5.31085 1.69671 0.247952 1.37214 0.107013 0.0801012
threshold=0.059999998658895499 0.46829999983310705 0.20565000176429751 0.1799999997019768 0.46834999322891241 0.54714998602867138 3.7500000000000004 0.099999997764825835 0.31315000355243688 3.4500000476837163 0.35054999589920049 0.73214998841285717 2.1499999761581425 0.37085000425577169
decision_type=2 2 2 2 2 2 2 2 2 2 2 2 2 2
left_child=1 9 3 6 5 -3 -2 8 -4 10 -1 -12 -10 -9
right_child=2 4 7 -5 -6 -7 -8 13 12 -11 11 -13 -14 -15
leaf_value=-0.030893698117545294 0.0078421797129989614 -0.022372053689497337 0.0090628276749042096 -0.030781737440541544 0.03556989988181182 0.028224570392607142 0.033365552200769664 0.033640977500010737 0.026144453736616127 -0.0094892012393243217 -0.029809736451559217 -0.0077369623464045188 0.032660687054402053 0.039144736638767108
leaf_weight=291.83731999248266 8.7773513644933683 8.0958801638335007 11.726869329810141 7.7313393689692012 7.571620061993598 6.494726348668336 25.166579909622669 176.07254179567099 10.965981788933275 3.9943797513842574 13.829871878027918 3.6853495724499217 50.055407229810953 13.885899595916269
leaf_count=11605 136 185 129 171 60 52 255 1927 120 66 554 105 560 150
internal_value=-5.38547e-05 -0.0275104 0.0301998 0.0160762 0.0123821 0 0.0268962 0.0324219 0.0280118 -0.0303446 -0.030601 -0.025406 0.0315834 0.0340795
internal_weight=639.891 335.509 304.382 41.6753 22.1622 14.5906 33.9439 262.707 72.7483 313.347 309.353 17.5152 61.0214 189.958
internal_count=16075 12627 3448 562 297 237 391 2886 809 12330 12264 659 680 2077
is_linear=0
shrinkage=0.03


Tree=70
num_leaves=6
num_cat=0
split_feature=8 1 0 6 1
split_gain=648.111 39.5203 7.99451 2.13092 0.0551949
threshold=0.14333333075046542 1.0000000180025095e-35 0.37085000425577169 0.22365000098943713 0.46880000829696661
decision_type=2 2 2 2 2
left_child=1 -1 4 -3 -2
right_child=2 3 -4 -5 -6
leaf_value=-0.027840355287358901 -0.030804465491335635 0.018840757033287473 0.019995637996401375 0.033342802227831467 -0.021102555538557433
leaf_weight=9.8622367531061155 311.39716750755906 10.872614577412604 2.6873680222779504 286.09566278010607 3.4261527862399808
leaf_count=102 12642 88 39 3160 112
internal_value=-0.000222974 0.0308602 -0.0302703 0.0328285 -0.0307151
internal_weight=624.341 306.831 317.511 296.968 314.823
internal_count=16143 3350 12793 3248 12754
is_linear=0
shrinkage=0.03


Tree=71
num_leaves=6
num_cat=0
split_feature=8 1 4 7 6
split_gain=628.418 39.9263 11.7978 2.41914 0.0730996
threshold=0.14333333075046542 1.0000000180025095e-35 0.44000001251697546 0.3530499935150147 0.61364999413490307
decision_type=2 2 2 2 2
left_child=1 -1 4 -3 -2
right_child=2 3 -4 -5 -6
leaf_value=-0.028332216419382734 -0.030761390453297351 0.017748547492433216 0.024060043977708383 0.033387144757075965 -0.019832987488082956
leaf_weight=9.7993569709360582 300.55829868838191 10.426447048783301 3.4550493508577338 282.87525193020701 2.806801125407218
leaf_count=100 12615 101 32 3195 44
internal_value=0.000213617 0.0308511 -0.0300429 0.0328477 -0.0306767
internal_weight=609.921 303.101 306.82 293.302 303.365
internal_count=16087 3396 12691 3296 12659
is_linear=0
shrinkage=0.03


Tree=72
num_leaves=6
num_cat=0
split_feature=8 2 6 4 6
split_gain=605.567 20.9325 35.2142 9.54263 0.0625445
threshold=0.138333335518837 0.059999998658895499 0.31714999675750738 0.44000001251697546 0.61364999413490307
decision_type=2 2 2 2 2
left_child=1 2 -1 4 -2
right_child=3 -3 -4 -5 -6
leaf_value=-0.032502986578045553 -0.03073960898591855 0.03314109048503134 0.036472476078572361 0.02120901139896627 -0.020066019011160844
leaf_weight=12.080011982470753 293.96999822743237 265.13293551653624 14.57377716898918 3.09354294091463 2.8617291450500479
leaf_count=130 12691 3114 111 28 45
internal_value=-0.000167087 0.030592 0.00509469 -0.0301018 -0.0306536
internal_weight=591.712 291.787 26.6538 299.925 296.832
internal_count=16119 3355 241 12764 12736
is_linear=0
shrinkage=0.03


end of trees

feature_importances:
platform_trust=129
career_ml_depth=71
penalties_total=64
coherence_score=49
ml_tenure_years=42
availability_score=39
capability_match=24
title_jd_match=4
career_momentum=4
skill_trust_ratio=3
current_role_ml_depth=1
assessment_jd_overlap=1

parameters:
[boosting: gbdt]
[objective: binary]
[metric: auc]
[tree_learner: serial]
[device_type: cpu]
[data_sample_strategy: bagging]
[data: ]
[valid: ]
[num_iterations: 300]
[learning_rate: 0.03]
[num_leaves: 15]
[num_threads: 0]
[seed: 42]
[deterministic: 0]
[force_col_wise: 0]
[force_row_wise: 0]
[histogram_pool_size: -1]
[max_depth: 5]
[min_data_in_leaf: 100]
[min_sum_hessian_in_leaf: 0.001]
[bagging_fraction: 0.8]
[pos_bagging_fraction: 1]
[neg_bagging_fraction: 1]
[bagging_freq: 1]
[bagging_seed: 400]
[bagging_by_query: 0]
[feature_fraction: 0.85]
[feature_fraction_bynode: 1]
[feature_fraction_seed: 30056]
[extra_trees: 0]
[extra_seed: 12879]
[early_stopping_round: 0]
[early_stopping_min_delta: 0]
[first_metric_only: 0]
[max_delta_step: 0]
[lambda_l1: 0.1]
[lambda_l2: 0.1]
[linear_lambda: 0]
[min_gain_to_split: 0]
[drop_rate: 0.1]
[max_drop: 50]
[skip_drop: 0.5]
[xgboost_dart_mode: 0]
[uniform_drop: 0]
[drop_seed: 17869]
[top_rate: 0.2]
[other_rate: 0.1]
[min_data_per_group: 100]
[max_cat_threshold: 32]
[cat_l2: 10]
[cat_smooth: 10]
[max_cat_to_onehot: 4]
[top_k: 20]
[monotone_constraints: ]
[monotone_constraints_method: basic]
[monotone_penalty: 0]
[feature_contri: ]
[forcedsplits_filename: ]
[refit_decay_rate: 0.9]
[cegb_tradeoff: 1]
[cegb_penalty_split: 0]
[cegb_penalty_feature_lazy: ]
[cegb_penalty_feature_coupled: ]
[path_smooth: 0]
[interaction_constraints: ]
[verbosity: -1]
[saved_feature_importance_type: 0]
[use_quantized_grad: 0]
[num_grad_quant_bins: 4]
[quant_train_renew_leaf: 0]
[stochastic_rounding: 1]
[linear_tree: 0]
[max_bin: 255]
[max_bin_by_feature: ]
[min_data_in_bin: 3]
[bin_construct_sample_cnt: 200000]
[data_random_seed: 175]
[is_enable_sparse: 1]
[enable_bundle: 1]
[use_missing: 1]
[zero_as_missing: 0]
[feature_pre_filter: 1]
[pre_partition: 0]
[two_round: 0]
[header: 0]
[label_column: ]
[weight_column: ]
[group_column: ]
[ignore_column: ]
[categorical_feature: ]
[forcedbins_filename: ]
[precise_float_parser: 0]
[parser_config_file: ]
[objective_seed: 16083]
[num_class: 1]
[is_unbalance: 0]
[scale_pos_weight: 1]
[sigmoid: 1]
[boost_from_average: 1]
[reg_sqrt: 0]
[alpha: 0.9]
[fair_c: 1]
[poisson_max_delta_step: 0.7]
[tweedie_variance_power: 1.5]
[lambdarank_truncation_level: 30]
[lambdarank_norm: 1]
[label_gain: ]
[lambdarank_position_bias_regularization: 0]
[eval_at: ]
[multi_error_top_k: 1]
[auc_mu_weights: ]
[num_machines: 1]
[local_listen_port: 12400]
[time_out: 120]
[machine_list_filename: ]
[machines: ]
[gpu_platform_id: -1]
[gpu_device_id: -1]
[gpu_use_dp: 0]
[num_gpu: 1]

end of parameters

pandas_categorical:null
